=~=~=~=~=~=~=~=~=~=~=~= PuTTY log 2023.02.03 00:18:35 =~=~=~=~=~=~=~=~=~=~=~=
43
2154ý2163
2133
2140
2139
2043
2040
2032
2140
2138
2144
2144
2044
2043
2030
2139
2146
2141
2139
2042
2044
2035
2123
2139
2139
2140
2142
2136
2138
2137
2146
2035
2039
2039
2138
2141
2129
2139
2043
2033
2141
2144
2137
2158
2138
2137
2143
2137
2137
2223
2147
2142
2142
2040
2047
2135
2134
2144
2137
2140
2141
2044
2143
2139
2138
2137
2040
2100
2222
2133
2147
2140
2168
2149
2137
2146
2134
2145
2042
2028
2141
2137
2139
2041
2032
2140
2147
2146
2134
2141
2135
2143
2136
2142
2220
2132
2036
2039
2142
2041
2042
2125
2153
2135
2140
2141
2145
2134
2232
2124
2146
2136
2136
2137
2140
2137
2142
2034
2049
2141
2137
2144
2134
2140
2135
2150
2135
2137
2045
2036
2137
2040
2041
2133
2134
2040
2087
2198
2138
2043
2041
2143
2233
2146
2043
2039
2147
2234
2130
2047
2139
2139
2142
2141
2035
2151
2140
2137
2135
2136
2136
2148
2142
2137
2146
2134
2141
2138
2140
2137
2134
2138
2137
2140
2141
2042
2140
2161
2143
2167
2136
2141
2146
2144
2139
2148
2136
2143
2146
2144
2131
2133
2134
2162
2135
2127
2136
2147
2147
2147
2130
2137
2139
2150
2141
2142
2133
2141
2141
2037
2094
2142
2140
2054
2033
2144
2136
2138
2133
2211
2140
2143
2139
2137
2145
2137
2131
2140
2138
2134
2042
2069
2139
2037
2084
2139
2140
2147
2143
2140
2041
2036
2146
2137
2135
2043
2040
2137
2248
2135
2043
2145
2130
2138
2134
2141
2140
2139
2138
2138
2141
2142
2139
2132
2139
2136
2138
2135
2137
2143
2141
2136
2139
2143
2141
2134
2142
2147
2157
2142
2144
2134
2142
2137
2142
2136
2140
2142
2141
2136
2146
2145
2145
2140
2150
2142
2138
2142
2142
2043
2044
2130
2132
2137
2044
2034
2137
2144
2132
2152
2136
2148
2150
2136
2140
2250
2147
2138
2136
2140
2150
2133
2047
2074
2122
2147
2143
2041
2125
2146
2139
2146
2039
2148
2041
2038
2139
2129
2042
2029
2141
2133
2173
2043
2029
2128
2139
2035
2039
2135
2035
2039
2146
2134
2147
2144
2134
2147
2134
2140
2126
2047
2080
2138
2137
2139
2140
2041
2033
2146
2143
2150
2139
2134
2139
2144
2136
2139
2147
2140
2140
2147
2136
2143
2131
2133
2141
2038
2042
2134
2130
2143
2139
2139
2147
2132
2141
2136
2134
2146
2136
2140
2143
2139
2147
2139
2135
2145
2146
2129
2133
2141
2136
2049
2064
2146
2146
2143
2044
2029
2148
2148
2134
2046
2033
2148
2139
2135
2138
2142
2127
2139
2146
2141
2150
2140
2140
2147
2134
2144
2136
2141
2136
2135
2138
2142
2133
2139
2143
2142
2140
2138
2145
2135
2144
2141
2134
2140
2150
2133
2148
2133
2133
2147
2146
2136
2216
2140
2144
2144
2141
2148
2138
2040
2071
2175
2142
2145
2040
2098
2380
2138
2046
2042
2136
2341
2130
2043
2039
2136
2229
2136
2042
2149
2131
2139
2137
2135
2139
2153
2144
2138
2163
2134
2142
2126
2139
2137
2130
2144
2139
2139
2142
2139
2147
2138
2133
2121
2136
2039
2143
2129
2142
2143
2135
2043
2043
2144
2145
2136
2041
2025
2138
2134
2145
2045
2025
2147
2045
2041
2138
2137
2130
2138
2148
2138
2139
2147
2039
2042
2137
2139
2136
2141
2042
2045
2147
2139
2143
2045
2030
2142
2143
2146
2140
2139
2144
2137
2135
2129
2225
2136
2141
2143
2143
2148
2135
2149
2145
2138
2127
2137
2144
2138
2139
2137
2281
2144
2128
2138
2141
2143
2134
2141
2147
2139
2139
2136
2138
2133
2142
2039
2037
2145
2135
2045
2038
2148
2135
2139
2146
2143
2144
2138
2140
2046
2028
2138
2147
2142
2041
2038
2140
2144
2130
2036
2032
2141
2134
2141
2140
2035
2036
2254
2152
2130
2142
2135
2147
2040
2034
2142
2145
2140
2041
2032
2145
2130
2147
2125
2144
2136
2131
2143
2138
2209
2142
2141
2147
2135
2148
2141
2140
2041
2039
2129
2137
2036
2134
2201
2137
2040
2037
2136
2231
2138
2130
2149
2136
2150
2131
2145
2145
2141
2050
2042
2140
2143
2142
2039
2037
2143
2164
2135
2042
2035
2134
2135
2146
2139
2131
2135
2140
2136
2136
2149
2136
2141
2143
2141
2142
2164
2133
2042
2150
2140
2323
2141
2146
2129
2138
2144
2133
2039
2146
2230
2136
2136
2142
2135
2152
2136
2143
2125
2144
2146
2143
2138
2133
2142
2145
2216
2138
2134
2144
2140
2139
2141
2132
2142
2045
2143
2138
2142
2141
2143
2149
2145
2145
2132
2138
2135
2147
2148
2041
2040
2130
2219
2129
2041
2038
2140
2216
2141
2135
2138
2134
2144
2133
2136
2146
2147
2145
2163
2134
2146
2138
2137
2221
2130
2138
2137
2135
2137
2136
2147
2224
2150
2139
2131
2141
2140
2143
2039
2036
2135
2143
2037
2042
2139
2142
2141
2149
2144
2146
2137
2140
2051
2033
2141
2132
2133
2039
2033
2131
2145
2133
2038
2036
2132
2139
2035
2051
2140
2136
2136
2150
2136
2142
2133
2138
2047
2030
2140
2138
2142
2051
2028
2142
2143
2167
2145
2142
2141
2137
2140
2140
2227
2128
2142
2153
2137
2136
2139
2140
2138
2131
2137
2140
2135
2130
2148
2043
2035
2037
2039
2153
2132
2145
2139
2145
2043
2025
2132
2141
2043
2039
2137
2156
2143
2136
2038
2036
2128
2152
2137
2042
2032
2138
2141
2145
2137
2154
2139
2143
2138
2132
2136
2149
2140
2149
2153
2142
2135
2130
2146
2150
2150
2145
2126
2137
2140
2134
2135
2138
2141
2141
2141
2140
2139
2136
2137
2147
2132
2139
2133
2145
2054
2043
2147
2136
2134
2044
2028
2137
2139
2145
2139
2139
2160
2139
2147
2040
2025
2130
2147
2043
2038
2142
2137
2142
2042
2042
2142
2145
2143
2144
2134
2042
2043
2129
2146
2136
2138
2135
2149
2038
2056
2139
2145
2044
2037
2151
2137
2136
2167
2120
2136
2144
2136
2144
2139
2143
2138
2160
2146
2148
2136
2134
2144
2132
2137
2136
2140
2137
2130
2139
2146
2143
2140
2139
2153
2146
2131
2138
2139
2146
2144
2139
2142
2137
2145
2043
2039
2132
2139
2140
2136
2127
2130
2142
2138
2040
2038
2138
2041
2037
2130
2234
2138
2043
2142
2137
2233
2129
2141
2147
2132
2152
2137
2175
2142
2137
2029
2029
2136
2134
2150
2134
2138
2141
2142
2136
2140
2138
2140
2133
2138
2142
2171
2139
2144
2144
2152
2141
2142
2145
2134
2140
2145
2144
2146
2127
2142
2139
2161
2138
2038
2175
2151
2140
2044
2042
2136
2196
2141
2045
2039
2129
2230
2141
2133
2153
2139
2043
2038
2135
2047
2038
2139
2130
2147
2142
2288
2143
2135
2144
2134
2145
2137
2042
2039
2144
2145
2142
2046
2065
2137
2142
2139
2045
2122
2137
2142
2141
2138
2167
2152
2141
2130
2043
2075
2150
2144
2039
2038
2134
2217
2140
2038
2103
2140
2137
2145
2145
2042
2036
2133
2044
2055
2132
2141
2134
2138
2137
2131
2222
2135
2036
2048
2138
2130
2137
2138
2150
2138
2146
2141
2042
2125
2130
2132
2136
2038
2105
2216
2135
2163
2135
2134
2145
2140
2132
2140
2165
2044
2041
2146
2139
2140
2156
2142
2143
2133
2137
2140
2220
2136
2132
2139
2139
2145
2136
2045
2039
2137
2141
2144
2043
2110
2137
2139
2136
2141
2136
2138
2140
2127
2139
2138
2039
2038
2143
2042
2039
2142
2139
2042
2041
2139
2217
2143
2040
2144
2134
2138
2145
2044
2124
2040
2093
2142
2036
2068
2140
2047
2073
2141
2143
2130
2040
2096
2194
2136
2155
2044
2137
2228
2151
2041
2037
2136
2223
2150
2145
2141
2138
2141
2138
2140
2136
2140
2140
2128
2148
2138
2134
2135
2136
2039
2118
2042
2037
2136
2144
2134
2151
2139
2157
2146
2042
2087
2047
2036
2133
2137
2143
2137
2137
2139
2137
2135
2140
2043
2039
2145
2137
2142
2133
2142
2042
2041
2142
2140
2137
2044
2034
2140
2129
2134
2149
2163
2144
2142
2136
2139
2221
2132
2147
2138
2134
2144
2140
2140
2146
2135
2145
2144
2137
2135
2139
2040
2034
2145
2129
2138
2038
2020
2132
2142
2149
2138
2152
2144
2140
2148
2135
2149
2134
2142
2140
2146
2134
2136
2127
2140
2148
2131
2139
2156
2143
2142
2140
2144
2140
2041
2156
2259
2149
2137
2036
2151
2225
2039
2031
2141
2146
2225
2137
2139
2140
2135
2152
2135
2042
2109
2139
2138
2140
2035
2128
2254
2138
2138
2128
2141
2143
2132
2138
2138
2137
2152
2137
2147
2139
2140
2140
2228
2142
2136
2134
2134
2146
2036
2038
2134
2137
2145
2137
2046
2042
2135
2230
2139
2146
2142
2142
2131
2141
2135
2152
2138
2134
2139
2034
2042
2167
2140
2142
2142
2159
2046
2041
2129
2138
2148
2157
2131
2146
2136
2137
2137
2227
2132
2144
2138
2036
2149
2137
2142
2138
2136
2147
2132
2048
2037
2138
2149
2128
2136
2143
2139
2139
2225
2145
2136
2140
2141
2152
2126
2141
2136
2140
2033
2050
2141
2133
2135
2144
2140
2125
2140
2136
2037
2038
2146
2038
2041
2141
2149
2143
2139
2152
2139
2043
2041
2144
2156
2130
2035
2039
2137
2138
2141
2038
2100
2225
2156
2145
2136
2134
2149
2145
2140
2135
2144
2163
2136
2140
2135
2140
2140
2227
2168
2137
2138
2136
2160
2140
2135
2135
2145
2157
2132
2141
2138
2140
2141
2138
2133
2142
2128
2139
2145
2144
2140
2143
2147
2144
2126
2136
2142
2142
2041
2072
2144
2139
2141
2045
2030
2139
2148
2142
2040
2031
2138
2036
2042
2126
2033
2034
2141
2043
2034
2136
2138
2132
2224
2145
2142
2137
2133
2135
2037
2084
2143
2135
2141
2144
2039
2108
2251
2140
2132
2144
2043
2134
2133
2137
2136
2141
2047
2043
2143
2133
2129
2043
2038
2141
2143
2141
2134
2144
2133
2036
2038
2137
2039
2036
2135
2045
2035
2134
2137
2141
2147
2139
2041
2039
2149
2157
2142
2044
2104
2136
2131
2147
2129
2169
2154
2139
2130
2132
2143
2149
2135
2136
2142
2142
2133
2144
2140
2138
2141
2136
2131
2137
2123
2146
2154
2152
2130
2136
2136
2136
2049
2041
2146
2128
2140
2043
2038
2148
2149
2135
2140
2141
2150
2133
2146
2133
2326
2133
2046
2041
2140
2236
2142
2041
2151
2139
2141
2137
2146
2039
2130
2149
2126
2138
2138
2040
2038
2139
2137
2136
2153
2138
2144
2137
2136
2139
2044
2070
2139
2132
2043
2030
2137
2159
2142
2041
2037
2131
2142
2034
2043
2141
2044
2035
2257
2139
2045
2041
2140
2162
2135
2040
2040
2135
2232
2137
2127
2134
2136
2136
2146
2144
2146
2131
2133
2136
2144
2144
2141
2136
2232
2140
2143
2144
2134
2142
2132
2152
2030
2123
2136
2142
2138
2128
2134
2142
2211
2137
2141
2143
2137
2137
2133
2137
2222
2131
2138
2039
2144
2143
2132
2143
2227
2142
2141
2127
2042
2033
2133
2132
2136
2141
2134
2143
2042
2072
2208
2140
2043
2038
2138
2235
2145
2043
2041
2132
2229
2143
2133
2140
2041
2090
2136
2142
2148
2136
2137
2141
2038
2109
2199
2129
2135
2038
2116
2390
2146
2041
2039
2143
2234
2143
2053
2144
2134
2220
2142
2139
2140
2138
2134
2143
2141
2134
2142
2137
2140
2140
2138
2138
2140
2227
2135
2046
2144
2129
2147
2133
2136
2040
2067
2153
2144
2141
2141
2149
2136
2045
2042
2147
2220
2143
2043
2039
2136
2228
2140
2041
2142
2136
2133
2137
2135
2142
2138
2139
2142
2038
2053
2146
2135
2044
2040
2145
2206
2145
2042
2041
2142
2224
2144
2043
2135
2137
2041
2060
2040
2044
2132
2137
2144
2137
2158
2141
2138
2130
2142
2041
2036
2125
2145
2139
2036
2056
2136
2140
2054
2044
2137
2149
2128
2040
2042
2138
2141
2135
2146
2140
2127
2147
2135
2138
2237
2149
2141
2137
2141
2141
2134
2142
2135
2141
2137
2136
2173
2134
2137
2144
2224
2142
2142
2139
2154
2142
2135
2140
2139
2129
2151
2132
2163
2145
2135
2131
2238
2128
2139
2140
2137
2143
2135
2143
2137
2130
2150
2136
2140
2136
2140
2040
2036
2136
2145
2127
2039
2022
2143
2142
2141
2142
2136
2138
2144
2153
2143
2147
2132
2043
2145
2134
2132
2154
2146
2037
2116
2140
2046
2039
2038
2031
2142
2136
2140
2138
2141
2141
2141
2047
2043
2145
2137
2133
2043
2039
2132
2138
2134
2068
2035
2145
2140
2139
2036
2036
2139
2139
2136
2145
2138
2142
2146
2145
2134
2140
2137
2139
2140
2134
2136
2138
2139
2042
2040
2143
2035
2035
2146
2235
2148
2042
2035
2153
2236
2137
2142
2155
2136
2144
2137
2143
2144
2138
2048
2027
2146
2144
2138
2045
2034
2143
2139
2038
2041
2144
2133
2111
2043
2038
2141
2045
2069
2142
2036
2076
2140
2138
2126
2140
2039
2139
2140
2137
2128
2125
2140
2142
2142
2134
2135
2139
2161
2135
2143
2136
2140
2130
2136
2148
2134
2133
2143
2123
2038
2134
2147
2132
2202
2142
2049
2042
2139
2220
2141
2142
2144
2119
2140
2136
2144
2139
2142
2142
2138
2139
2141
2134
2040
2038
2131
2153
2037
2038
2140
2141
2130
2042
2038
2142
2147
2135
2144
2141
2137
2140
2137
2140
2217
2145
2145
2139
2133
2147
2143
2135
2130
2136
2141
2135
2142
2129
2143
2147
2200
2144
2140
2153
2138
2151
2133
2140
2139
2131
2148
2139
2142
2124
2140
2040
2211
2130
2139
2144
2140
2144
2138
2134
2135
2038
2149
2140
2045
2127
2134
2137
2163
2040
2153
2216
2141
2147
2132
2145
2148
2138
2133
2135
2137
2149
2135
2136
2133
2146
2039
2166
2140
2140
2141
2144
2144
2152
2139
2139
2138
2148
2148
2140
2133
2128
2142
2143
2145
2140
2140
2042
2135
2136
2143
2147
2138
2043
2041
2145
2139
2141
2130
2136
2143
2141
2133
2138
2271
2142
2137
2144
2141
2146
2130
2144
2138
2140
2151
2138
2138
2142
2144
2139
2367
2139
2141
2037
2111
2228
2140
2129
2138
2138
2142
2136
2140
2140
2143
2142
2126
2144
2136
2122
2318
2218
2140
2143
2137
2135
2143
2138
2146
2142
2135
2156
2165
2138
2138
2128
2135
2218
2142
2140
2139
2124
2141
2141
2143
2143
2141
2142
2166
2149
2142
2141
2143
2137
2135
2139
2132
2141
2146
2145
2042
2037
2144
2234
2136
2045
2141
2131
2135
2139
2057
2100
2140
2140
2133
2033
2144
2223
2122
2138
2138
2143
2153
2148
2133
2139
2041
2046
2133
2043
2131
2143
2138
2138
2038
2151
2141
2131
2140
2134
2139
2146
2139
2137
2135
2144
2146
2140
2140
2127
2136
2140
2148
2139
2136
2132
2146
2145
2140
2138
2141
2137
2143
2144
2148
2138
2139
2144
2137
2150
2137
2131
2144
2154
2125
2132
2039
2138
2196
2145
2046
2040
2140
2231
2140
2043
2042
2137
2223
2147
2125
2146
2141
2145
2125
2132
2141
2138
2123
2134
2143
2138
2043
2046
2148
2143
2139
2042
2041
2319
2136
2133
2046
2033
2145
2147
2138
2144
2141
2144
2140
2138
2139
2215
2145
2131
2140
2140
2140
2137
2137
2152
2139
2146
2136
2131
2044
2039
2132
2134
2143
2125
2041
2145
2134
2138
2139
2152
2138
2137
2140
2146
2142
2140
2134
2136
2144
2040
2119
2149
2133
2127
2146
2142
2142
2042
2038
2136
2195
2151
2043
2112
2138
2218
2140
2138
2140
2141
2127
2140
2134
2134
2139
2137
2127
2144
2143
2144
2131
2224
2138
2139
2143
2137
2136
2138
2142
2137
2148
2136
2139
2141
2144
2038
2041
2140
2135
2142
2046
2043
2142
2139
2138
2170
2142
2143
2136
2147
2143
2336
2148
2041
2041
2143
2224
2140
2047
2039
2136
2221
2139
2141
2153
2140
2140
2129
2138
2141
2129
2141
2138
2137
2138
2140
2043
2075
2149
2136
2043
2048
2138
2144
2145
2038
2036
2157
2162
2146
2147
2139
2137
2141
2129
2143
2222
2132
2144
2133
2137
2139
2136
2128
2138
2143
2148
2149
2144
2133
2150
2133
2139
2149
2135
2137
2137
2018
2040
2076
2142
2138
2222
2137
2041
2109
2134
2138
2134
2140
2151
2135
2141
2135
2042
2067
2142
2130
2044
2036
2136
2225
2144
2142
2136
2157
2138
2133
2136
2135
2141
2149
2132
2137
2133
2156
2145
2236
2142
2045
2040
2139
2236
2135
2139
2166
2135
2128
2130
2146
2143
2135
2140
2135
2141
2135
2137
2043
2029
2142
2141
2042
2040
2134
2135
2142
2047
2031
2151
2134
2145
2146
2037
2042
2141
2133
2141
2137
2137
2128
2136
2038
2028
2132
2138
2039
2040
2131
2135
2140
2151
2167
2137
2132
2137
2044
2033
2145
2137
2140
2041
2042
2138
2141
2137
2043
2035
2137
2132
2145
2043
2150
2134
2143
2147
2137
2147
2138
2143
2141
2038
2040
2147
2133
2043
2025
2143
2141
2140
2040
2033
2123
2140
2042
2043
2137
2135
2039
2151
2135
2041
2038
2137
2203
2131
2043
2108
2159
2137
2140
2136
2141
2142
2145
2138
2140
2142
2050
2042
2142
2146
2138
2149
2135
2139
2138
2132
2138
2212
2142
2139
2141
2133
2161
2138
2128
2137
2150
2043
2041
2144
2132
2139
2152
2117
2144
2140
2040
2042
2142
2037
2035
2143
2139
2137
2147
2140
2141
2040
2036
2134
2043
2039
2043
2146
2139
2139
2048
2032
2140
2138
2137
2149
2141
2126
2148
2140
2147
2229
2141
2141
2143
2041
2087
2135
2141
2140
2138
2143
2136
2039
2096
2142
2142
2133
2037
2140
2283
2146
2136
2038
2140
2220
2137
2142
2132
2043
2086
2135
2043
2077
2131
2141
2143
2133
2149
2130
2146
2139
2035
2154
2225
2133
2136
2135
2140
2149
2138
2149
2138
2139
2149
2137
2140
2143
2145
2150
2304
2139
2135
2149
2131
2148
2137
2146
2135
2150
2042
2144
2042
2038
2132
2342
2142
2036
2046
2144
2141
2131
2043
2125
2135
2041
2036
2147
2040
2222
2138
2140
2144
2146
2139
2135
2041
2037
2138
2193
2146
2045
2148
2135
2138
2139
2045
2149
2134
2035
2040
2136
2037
2037
2137
2148
2138
2041
2027
2140
2139
2146
2040
2026
2135
2138
2151
2144
2140
2138
2141
2143
2142
2136
2139
2143
2144
2146
2142
2138
2133
2149
2164
2134
2126
2140
2135
2140
2143
2135
2134
2139
2136
2139
2140
2142
2135
2132
2159
2138
2148
2140
2141
2145
2141
2132
2138
2147
2133
2145
2138
2133
2333
2140
2147
2130
2134
2137
2148
2135
2147
2136
2134
2141
2137
2139
2136
2132
2133
2142
2154
2139
2144
2040
2053
2138
2149
2140
2136
2141
2040
2026
2139
2138
2141
2041
2022
2144
2136
2137
2140
2135
2143
2138
2145
2132
2216
2143
2136
2143
2139
2137
2141
2146
2144
2139
2037
2028
2149
2140
2136
2142
2142
2127
2136
2143
2146
2151
2136
2131
2137
2129
2136
2131
2042
2146
2140
2137
2139
2041
2110
2223
2146
2039
2042
2139
2224
2135
2138
2133
2137
2140
2144
2143
2037
2044
2144
2038
2039
2148
2219
2141
2138
2035
2151
2233
2128
2151
2138
2143
2134
2138
2140
2160
2142
2147
2133
2143
2133
2139
2145
2223
2147
2134
2141
2137
2140
2146
2139
2141
2145
2149
2147
2136
2139
2035
2036
2132
2139
2136
2135
2041
2024
2144
2139
2040
2042
2046
2037
2138
2146
2042
2065
2135
2038
2070
2137
2144
2138
2141
2138
2125
2145
2140
2036
2041
2146
2042
2044
2130
2134
2144
2138
2040
2024
2135
2142
2132
2045
2031
2140
2147
2145
2139
2138
2166
2134
2132
2136
2155
2133
2139
2138
2168
2141
2135
2141
2137
2138
2142
2140
2134
2143
2141
2138
2142
2137
2148
2143
2150
2139
2133
2042
2063
2156
2137
2044
2037
2141
2234
2134
2144
2140
2137
2155
2133
2142
2142
2137
2148
2138
2138
2141
2136
2141
2218
2134
2135
2142
2137
2153
2133
2042
2147
2134
2141
2135
2038
2142
2142
2141
2138
2043
2149
2221
2143
2142
2139
2142
2142
2136
2139
2132
2135
2148
2121
2138
2141
2133
2139
2221
2144
2143
2142
2140
2145
2135
2140
2136
2141
2148
2134
2148
2138
2036
2046
2138
2139
2142
2142
2138
2144
2139
2144
2137
2041
2039
2134
2128
2046
2041
2146
2132
2132
2046
2039
2138
2139
2138
2050
2025
2036
2039
2132
2135
2143
2130
2150
2136
2141
2134
2145
2143
2142
2128
2220
2143
2131
2140
2139
2137
2137
2139
2148
2134
2145
2140
2134
2041
2072
2141
2140
2142
2142
2043
2040
2142
2137
2130
2041
2037
2139
2142
2137
2147
2147
2135
2141
2144
2139
2231
2139
2142
2136
2158
2140
2144
2131
2130
2138
2140
2141
2138
2143
2138
2142
2380
2143
2043
2039
2134
2301
2147
2041
2133
2136
2143
2142
2146
2132
2143
2134
2138
2140
2142
2151
2136
2042
2107
2148
2145
2136
2133
2147
2133
2044
2025
2132
2144
2136
2155
2142
2142
2145
2148
2143
2230
2143
2049
2041
2133
2218
2135
2131
2136
2137
2145
2141
2150
2222
2146
2142
2137
2141
2143
2137
2041
2036
2128
2132
2044
2041
2131
2140
2063
2047
2042
2136
2142
2142
2037
2028
2147
2145
2136
2148
2142
2139
2144
2129
2140
2040
2075
2139
2045
2042
2135
2134
2139
2044
2044
2171
2136
2137
2149
2144
2144
2138
2143
2143
2494
2150
2042
2041
2135
2116
2034
2125
2135
2145
2218
2139
2140
2147
2143
2140
2141
2133
2142
2138
2136
2137
2134
2138
2038
2070
2133
2148
2138
2046
2043
2170
2139
2140
2042
2029
2147
2128
2135
2149
2129
2132
2145
2138
2145
2332
2146
2044
2036
2131
2238
2140
2041
2102
2147
2144
2135
2148
2139
2130
2139
2135
2142
2156
2138
2136
2126
2038
2089
2156
2130
2138
2136
2137
2041
2041
2146
2134
2144
2045
2032
2140
2141
2136
2037
2029
2139
2145
2135
2132
2147
2038
2034
2146
2140
2134
2147
2144
2049
2045
2140
2134
2141
2045
2033
2143
2139
2142
2046
2032
2137
2142
2143
2147
2131
2140
2137
2146
2136
2221
2137
2142
2130
2139
2150
2137
2138
2151
2146
2039
2025
2136
2114
2049
2042
2035
2141
2137
2177
2143
2140
2132
2143
2148
2136
2133
2135
2141
2138
2147
2131
2142
2138
2134
2138
2147
2143
2139
2139
2145
2039
2038
2136
2137
2047
2030
2138
2137
2135
2131
2223
2137
2139
2129
2144
2147
2138
2139
2140
2138
2149
2143
2145
2143
2144
2139
2139
2144
2138
2136
2142
2148
2138
2145
2141
2145
2140
2141
2153
2140
2138
2131
2230
2136
2144
2133
2137
2147
2143
2041
2038
2140
2009
2034
2136
2134
2131
2135
2143
2132
2145
2138
2139
2134
2136
2148
2137
2134
2139
2151
2141
2132
2136
2140
2132
2042
2119
2228
2138
2140
2127
2154
2148
2141
2129
2134
2141
2150
2129
2148
2138
2135
2045
2140
2142
2144
2139
2150
2145
2145
2139
2135
2138
2155
2163
2140
2143
2124
2142
2140
2136
2139
2143
2138
2150
2138
2128
2136
2145
2142
2139
2143
2133
2130
2045
2041
2129
2135
2130
2042
2023
2141
2147
2137
2041
2033
2134
2129
2137
2044
2043
2141
2045
2133
2139
2049
2040
2128
2230
2175
2133
2141
2138
2136
2127
2132
2142
2136
2140
2142
2138
2138
2141
2149
2217
2131
2142
2140
2131
2148
2129
2141
2143
2144
2137
2135
2145
2137
2148
2039
2025
2135
2141
2044
2041
2139
2139
2165
2042
2042
2140
2137
2133
2156
2137
2144
2143
2133
2138
2216
2135
2139
2144
2139
2152
2149
2141
2129
2133
2041
2027
2035
2038
2138
2142
2143
2147
2147
2136
2142
2144
2137
2044
2077
2127
2042
2072
2142
2149
2136
2043
2040
2139
2219
2140
2040
2139
2134
2139
2141
2142
2234
2129
2141
2136
2147
2139
2143
2040
2033
2135
2137
2149
2138
2139
2135
2142
2141
2136
2142
2139
2136
2143
2141
2145
2137
2141
2138
2143
2133
2152
2134
2138
2140
2135
2305
2138
2135
2162
2143
2144
2141
2138
2140
2145
2143
2141
2131
2142
2044
2039
2130
2138
2141
2042
2029
2142
2146
2120
2146
2140
2135
2139
2137
2138
2214
2141
2173
2136
2138
2133
2136
2138
2138
2137
2148
2145
2147
2142
2140
2137
2208
2137
2144
2133
2131
2138
2133
2139
2153
2141
2144
2138
2133
2148
2139
2133
2041
2146
2136
2133
2039
2021
2139
2137
2047
2041
2140
2142
2136
2143
2135
2148
2136
2139
2150
2220
2139
2138
2141
2140
2143
2132
2169
2135
2139
2138
2141
2146
2131
2138
2043
2029
2132
2141
2140
2044
2032
2144
2144
2149
2040
2026
2139
2141
2155
2134
2133
2140
2147
2038
2037
2142
2035
2039
2153
2139
2143
2129
2136
2140
2137
2146
2141
2043
2082
2131
2040
2086
2157
2137
2135
2139
2144
2042
2040
2138
2135
2137
2150
2139
2142
2138
2139
2142
2210
2135
2142
2136
2136
2143
2137
2147
2131
2139
2143
2047
2036
2135
2137
2142
2137
2138
2118
2139
2037
2033
2142
2140
2045
2038
2023
2142
2151
2040
2042
2130
2124
2136
2042
2030
2143
2138
2142
2146
2129
2138
2143
2134
2130
2218
2148
2140
2165
2138
2142
2135
2043
2142
2130
2150
2139
2043
2111
2147
2143
2136
2040
2107
2229
2137
2144
2044
2045
2134
2042
2148
2145
2043
2030
2142
2147
2072
2040
2149
2130
2142
2050
2039
2139
2140
2134
2041
2029
2143
2137
2138
2043
2033
2149
2141
2133
2130
2133
2145
2137
2160
2134
2218
2129
2134
2142
2137
2146
2134
2138
2141
2146
2140
2134
2146
2141
2166
2133
2389
2134
2046
2139
2035
2037
2137
2151
2041
2023
2149
2140
2139
2045
2032
2137
2133
2144
2042
2026
2137
2143
2153
2145
2133
2131
2141
2143
2131
2145
2140
2140
2138
2145
2152
2133
2138
2144
2148
2139
2134
2154
2134
2144
2133
2132
2143
2150
2137
2147
2131
2138
2138
2142
2143
2144
2147
2136
2142
2044
2037
2141
2139
2134
2044
2042
2145
2141
2131
2043
2029
2143
2140
2136
2044
2036
2138
2147
2138
2043
2037
2129
2140
2153
2145
2127
2148
2135
2139
2143
2141
2135
2146
2139
2133
2142
2137
2141
2141
2144
2164
2138
2137
2137
2147
2138
2143
2137
2136
2142
2138
2138
2141
2133
2148
2150
2135
2149
2141
2136
2044
2044
2140
2140
2134
2043
2033
2137
2143
2143
2165
2140
2129
2140
2142
2043
2035
2142
2135
2137
2043
2036
2140
2136
2050
2041
2132
2132
2038
2045
2135
2141
2140
2140
2144
2144
2144
2142
2143
2039
2030
2129
2140
2141
2039
2025
2146
2159
2048
2044
2147
2141
2036
2042
2139
2035
2038
2131
2162
2141
2043
2147
2133
2159
2145
2041
2147
2236
2133
2138
2036
2146
2039
2095
2138
2134
2041
2029
2139
2135
2044
2040
2147
2141
2139
2041
2043
2133
2137
2134
2151
2140
2146
2135
2147
2147
2218
2136
2149
2136
2158
2147
2135
2132
2139
2144
2147
2136
2143
2144
2135
2141
2224
2139
2144
2136
2157
2149
2138
2139
2142
2138
2141
2144
2133
2152
2139
2143
2135
2148
2138
2141
2142
2139
2147
2037
2041
2148
2191
2136
2041
2148
2137
2146
2138
2135
2144
2133
2148
2136
2042
2150
2148
2138
2046
2038
2137
2212
2139
2072
2033
2142
2211
2132
2145
2041
2037
2039
2042
2130
2143
2148
2130
2135
2138
2141
2529
2145
2140
2045
2102
2204
2139
2041
2039
2146
2209
2138
2141
2130
2140
2154
2137
2143
2129
2139
2140
2128
2156
2137
2146
2143
2347
2127
2052
2145
2143
2214
2042
2032
2039
2039
2140
2128
2147
2044
2023
2044
2057
2135
2134
2137
2040
2149
2146
2149
2137
2036
2149
2038
2035
2134
2142
2041
2034
2137
2136
2043
2041
2160
2127
2143
2144
2128
2136
2140
2136
2137
2140
2139
2143
2142
2147
2